ci,anio,mes,monto
1234567,2024,1,36.27
1234567,2024,2,15.54
1234567,2024,3,37.44
1234567,2024,4,33.59
1234567,2024,5,37.16
1234567,2024,6,31.99
1234567,2024,7,28.37
1234567,2024,8,38.29
1234567,2024,9,30.88
2385362,2024,1,32.19
2385362,2024,2,34.74
2385362,2024,3,36.74
2385362,2024,4,29.84
2385362,2024,5,15.61
2385362,2024,6,34.85
2385362,2024,7,37.76
2385362,2024,8,37.93
2385362,2024,9,23.16
3350699,2024,1,35.53
3350699,2024,2,15.88
3350699,2024,3,34.49
3350699,2024,4,26.32
3350699,2024,5,38.17
3350699,2024,6,27.36
3350699,2024,7,20.58
3350699,2024,8,15.49
3350699,2024,9,14.26
9913051,2024,1,17.55
9913051,2024,2,30.6
9913051,2024,3,28.36
9913051,2024,4,35.24
9913051,2024,5,31.47
9913051,2024,6,16.52
9913051,2024,7,34.71
9913051,2024,8,22.25
9913051,2024,9,31.24
2364790,2024,1,15.37
2364790,2024,2,26.54
2364790,2024,3,16.74
2364790,2024,4,18.52
2364790,2024,5,21.43
2364790,2024,6,24.04
2364790,2024,7,28.56
2364790,2024,8,30.54
2364790,2024,9,30.86
2673102,2024,1,27.83
2673102,2024,2,33.96
2673102,2024,3,17.53
2673102,2024,4,17.56
2673102,2024,5,24.39
2673102,2024,6,19.58
2673102,2024,7,24.35
2673102,2024,8,31.15
2673102,2024,9,30.14
5813379,2024,1,26.62
5813379,2024,2,31.79
5813379,2024,3,36.12
5813379,2024,4,34.34
5813379,2024,5,30.44
5813379,2024,6,37.16
5813379,2024,7,36.97
5813379,2024,8,25.3
5813379,2024,9,31.81
6987301,2024,1,28.41
6987301,2024,2,34.34
6987301,2024,3,14.61
6987301,2024,4,22.62
6987301,2024,5,17.6
6987301,2024,6,38.15
6987301,2024,7,35.52
6987301,2024,8,31.55
6987301,2024,9,32.02
7018602,2024,1,19.51
7018602,2024,2,15.36
7018602,2024,3,17.23
7018602,2024,4,13.97
7018602,2024,5,32.01
7018602,2024,6,15.06
7018602,2024,7,29.27
7018602,2024,8,22.64
7018602,2024,9,18.06
8417407,2024,1,22.0
8417407,2024,2,21.18
8417407,2024,3,24.39
8417407,2024,4,16.47
8417407,2024,5,34.1
8417407,2024,6,32.63
8417407,2024,7,38.16
8417407,2024,8,31.98
8417407,2024,9,32.76
6701119,2024,1,29.14
6701119,2024,2,22.03
6701119,2024,3,30.46
6701119,2024,4,22.02
6701119,2024,5,22.12
6701119,2024,6,14.82
6701119,2024,7,15.77
6701119,2024,8,25.09
6701119,2024,9,38.46
2390348,2024,1,16.59
2390348,2024,2,30.83
2390348,2024,3,26.39
2390348,2024,4,21.42
2390348,2024,5,17.8
2390348,2024,6,21.74
2390348,2024,7,23.53
2390348,2024,8,32.03
2390348,2024,9,30.32
9686925,2024,1,15.72
9686925,2024,2,32.26
9686925,2024,3,23.62
9686925,2024,4,37.35
9686925,2024,5,27.85
9686925,2024,6,32.86
9686925,2024,7,32.56
9686925,2024,8,36.43
9686925,2024,9,38.45
5485899,2024,1,31.79
5485899,2024,2,14.48
5485899,2024,3,33.86
5485899,2024,4,16.92
5485899,2024,5,33.13
5485899,2024,6,19.23
5485899,2024,7,37.58
5485899,2024,8,32.46
5485899,2024,9,35.86
4039904,2024,1,25.62
4039904,2024,2,34.07
4039904,2024,3,20.5
4039904,2024,4,14.74
4039904,2024,5,25.3
4039904,2024,6,24.32
4039904,2024,7,18.0
4039904,2024,8,35.48
4039904,2024,9,14.58
4782522,2024,1,27.34
4782522,2024,2,16.71
4782522,2024,3,30.33
4782522,2024,4,19.14
4782522,2024,5,37.59
4782522,2024,6,18.3
4782522,2024,7,35.51
4782522,2024,8,33.61
4782522,2024,9,33.98
9428299,2024,1,19.95
9428299,2024,2,13.8
9428299,2024,3,31.56
9428299,2024,4,38.41
9428299,2024,5,32.37
9428299,2024,6,30.07
9428299,2024,7,27.4
9428299,2024,8,29.91
9428299,2024,9,27.53
5257668,2024,1,20.1
5257668,2024,2,20.04
5257668,2024,3,21.21
5257668,2024,4,35.33
5257668,2024,5,22.47
5257668,2024,6,27.16
5257668,2024,7,15.55
5257668,2024,8,21.03
5257668,2024,9,24.34
4516211,2024,1,35.1
4516211,2024,2,21.4
4516211,2024,3,21.19
4516211,2024,4,16.13
4516211,2024,5,27.25
4516211,2024,6,34.54
4516211,2024,7,20.17
4516211,2024,8,31.45
4516211,2024,9,36.65
4466761,2024,1,33.94
4466761,2024,2,37.35
4466761,2024,3,37.44
4466761,2024,4,17.38
4466761,2024,5,28.44
4466761,2024,6,25.8
4466761,2024,7,27.73
4466761,2024,8,27.83
4466761,2024,9,28.41
8278775,2024,1,28.49
8278775,2024,2,22.02
8278775,2024,3,24.26
8278775,2024,4,35.54
8278775,2024,5,35.84
8278775,2024,6,28.24
8278775,2024,7,37.24
8278775,2024,8,31.32
8278775,2024,9,20.78
7618424,2024,1,16.59
7618424,2024,2,15.31
7618424,2024,3,37.9
7618424,2024,4,36.58
7618424,2024,5,15.08
7618424,2024,6,26.38
7618424,2024,7,34.72
7618424,2024,8,32.91
7618424,2024,9,20.59
6777526,2024,1,24.32
6777526,2024,2,21.41
6777526,2024,3,28.28
6777526,2024,4,24.23
6777526,2024,5,25.07
6777526,2024,6,19.11
6777526,2024,7,21.31
6777526,2024,8,18.89
6777526,2024,9,27.78
3017303,2024,1,20.52
3017303,2024,2,16.61
3017303,2024,3,22.52
3017303,2024,4,32.43
3017303,2024,5,15.53
3017303,2024,6,33.91
3017303,2024,7,37.6
3017303,2024,8,23.64
3017303,2024,9,17.05
5205747,2024,1,15.46
5205747,2024,2,35.29
5205747,2024,3,29.77
5205747,2024,4,36.2
5205747,2024,5,35.49
5205747,2024,6,36.51
5205747,2024,7,32.38
5205747,2024,8,22.48
5205747,2024,9,32.14
7772303,2024,1,22.8
7772303,2024,2,14.48
7772303,2024,3,22.62
7772303,2024,4,33.58
7772303,2024,5,18.36
7772303,2024,6,15.51
7772303,2024,7,20.83
7772303,2024,8,25.33
7772303,2024,9,21.88
1346405,2024,1,34.36
1346405,2024,2,32.56
1346405,2024,3,37.06
1346405,2024,4,14.53
1346405,2024,5,25.97
1346405,2024,6,22.89
1346405,2024,7,21.97
1346405,2024,8,20.65
1346405,2024,9,24.38
3351505,2024,1,37.39
3351505,2024,2,22.99
3351505,2024,3,35.97
3351505,2024,4,30.91
3351505,2024,5,25.07
3351505,2024,6,23.62
3351505,2024,7,34.55
3351505,2024,8,14.98
3351505,2024,9,29.82
3297330,2024,1,34.26
3297330,2024,2,16.49
3297330,2024,3,26.65
3297330,2024,4,21.96
3297330,2024,5,23.57
3297330,2024,6,25.87
3297330,2024,7,35.67
3297330,2024,8,29.36
3297330,2024,9,32.7
1039476,2024,1,17.97
1039476,2024,2,17.48
1039476,2024,3,19.91
1039476,2024,4,35.44
1039476,2024,5,18.29
1039476,2024,6,24.05
1039476,2024,7,21.01
1039476,2024,8,14.88
1039476,2024,9,23.72
6220287,2024,1,28.56
6220287,2024,2,33.14
6220287,2024,3,22.42
6220287,2024,4,29.46
6220287,2024,5,15.54
6220287,2024,6,18.79
6220287,2024,7,31.25
6220287,2024,8,22.37
6220287,2024,9,25.36
5039981,2024,1,30.83
5039981,2024,2,38.35
5039981,2024,3,37.71
5039981,2024,4,23.74
5039981,2024,5,31.82
5039981,2024,6,37.11
5039981,2024,7,26.46
5039981,2024,8,33.24
5039981,2024,9,38.41
5157530,2024,1,28.31
5157530,2024,2,34.69
5157530,2024,3,17.63
5157530,2024,4,21.63
5157530,2024,5,25.87
5157530,2024,6,25.81
5157530,2024,7,23.77
5157530,2024,8,32.26
5157530,2024,9,22.39
2063437,2024,1,22.79
2063437,2024,2,19.1
2063437,2024,3,36.39
2063437,2024,4,15.29
2063437,2024,5,34.13
2063437,2024,6,17.64
2063437,2024,7,36.28
2063437,2024,8,30.25
2063437,2024,9,25.19
2130305,2024,1,26.79
2130305,2024,2,16.75
2130305,2024,3,34.94
2130305,2024,4,28.94
2130305,2024,5,18.1
2130305,2024,6,18.41
2130305,2024,7,25.68
2130305,2024,8,28.95
2130305,2024,9,15.09
2775421,2024,1,14.6
2775421,2024,2,16.32
2775421,2024,3,38.21
2775421,2024,4,25.77
2775421,2024,5,21.05
2775421,2024,6,30.79
2775421,2024,7,21.16
2775421,2024,8,22.88
2775421,2024,9,26.39
4003523,2024,1,20.46
4003523,2024,2,35.87
4003523,2024,3,13.97
4003523,2024,4,31.14
4003523,2024,5,32.27
4003523,2024,6,19.6
4003523,2024,7,25.16
4003523,2024,8,38.14
4003523,2024,9,22.47
9414335,2024,1,17.85
9414335,2024,2,22.36
9414335,2024,3,29.26
9414335,2024,4,27.94
9414335,2024,5,24.05
9414335,2024,6,20.45
9414335,2024,7,16.2
9414335,2024,8,24.59
9414335,2024,9,19.35
6075331,2024,1,20.06
6075331,2024,2,24.16
6075331,2024,3,30.62
6075331,2024,4,15.63
6075331,2024,5,29.4
6075331,2024,6,33.51
6075331,2024,7,35.36
6075331,2024,8,31.37
6075331,2024,9,37.88
3316392,2024,1,18.08
3316392,2024,2,19.21
3316392,2024,3,29.17
3316392,2024,4,25.11
3316392,2024,5,31.6
3316392,2024,6,35.92
3316392,2024,7,20.87
3316392,2024,8,37.35
3316392,2024,9,36.82
9468212,2024,1,24.35
9468212,2024,2,29.81
9468212,2024,3,22.48
9468212,2024,4,32.74
9468212,2024,5,17.99
9468212,2024,6,19.67
9468212,2024,7,34.61
9468212,2024,8,23.02
9468212,2024,9,36.05
7809753,2024,1,37.17
7809753,2024,2,32.32
7809753,2024,3,13.99
7809753,2024,4,37.47
7809753,2024,5,18.46
7809753,2024,6,27.46
7809753,2024,7,27.85
7809753,2024,8,24.81
7809753,2024,9,33.77
1160825,2024,1,33.09
1160825,2024,2,32.32
1160825,2024,3,27.84
1160825,2024,4,32.93
1160825,2024,5,27.71
1160825,2024,6,37.93
1160825,2024,7,25.42
1160825,2024,8,15.59
1160825,2024,9,21.1
8953427,2024,1,30.58
8953427,2024,2,33.68
8953427,2024,3,37.65
8953427,2024,4,20.15
8953427,2024,5,34.98
8953427,2024,6,18.86
8953427,2024,7,15.75
8953427,2024,8,28.83
8953427,2024,9,37.1
3958563,2024,1,18.92
3958563,2024,2,37.84
3958563,2024,3,32.96
3958563,2024,4,35.12
3958563,2024,5,25.97
3958563,2024,6,15.2
3958563,2024,7,17.6
3958563,2024,8,27.92
3958563,2024,9,33.24
8539869,2024,1,35.01
8539869,2024,2,36.86
8539869,2024,3,31.38
8539869,2024,4,38.07
8539869,2024,5,26.08
8539869,2024,6,38.07
8539869,2024,7,34.12
8539869,2024,8,13.82
8539869,2024,9,14.95
9099889,2024,1,19.93
9099889,2024,2,35.71
9099889,2024,3,20.03
9099889,2024,4,23.7
9099889,2024,5,33.63
9099889,2024,6,22.2
9099889,2024,7,31.03
9099889,2024,8,37.1
9099889,2024,9,29.27
8216632,2024,1,22.46
8216632,2024,2,24.89
8216632,2024,3,34.49
8216632,2024,4,17.75
8216632,2024,5,24.93
8216632,2024,6,33.45
8216632,2024,7,26.73
8216632,2024,8,38.07
8216632,2024,9,31.87
9970943,2024,1,23.18
9970943,2024,2,21.65
9970943,2024,3,18.67
9970943,2024,4,33.28
9970943,2024,5,17.49
9970943,2024,6,24.44
9970943,2024,7,29.83
9970943,2024,8,34.89
9970943,2024,9,17.52
2110555,2024,1,35.98
2110555,2024,2,18.44
2110555,2024,3,37.85
2110555,2024,4,30.72
2110555,2024,5,17.71
2110555,2024,6,20.79
2110555,2024,7,34.25
2110555,2024,8,23.79
2110555,2024,9,21.45
5667828,2024,1,18.26
5667828,2024,2,13.8
5667828,2024,3,25.73
5667828,2024,4,21.58
5667828,2024,5,17.18
5667828,2024,6,16.31
5667828,2024,7,19.91
5667828,2024,8,15.92
5667828,2024,9,31.76
3083045,2024,1,29.78
3083045,2024,2,30.92
3083045,2024,3,28.84
3083045,2024,4,31.38
3083045,2024,5,19.05
3083045,2024,6,33.28
3083045,2024,7,18.28
3083045,2024,8,16.5
3083045,2024,9,17.48
7468791,2024,1,21.44
7468791,2024,2,21.44
7468791,2024,3,20.44
7468791,2024,4,38.49
7468791,2024,5,25.92
7468791,2024,6,25.01
7468791,2024,7,37.02
7468791,2024,8,33.41
7468791,2024,9,25.97
6396625,2024,1,19.1
6396625,2024,2,29.48
6396625,2024,3,35.94
6396625,2024,4,28.85
6396625,2024,5,24.3
6396625,2024,6,26.5
6396625,2024,7,28.85
6396625,2024,8,20.76
6396625,2024,9,25.65
6498633,2024,1,26.62
6498633,2024,2,18.69
6498633,2024,3,23.11
6498633,2024,4,22.5
6498633,2024,5,22.9
6498633,2024,6,24.11
6498633,2024,7,29.61
6498633,2024,8,18.83
6498633,2024,9,17.02
1392098,2024,1,30.76
1392098,2024,2,16.67
1392098,2024,3,14.1
1392098,2024,4,34.72
1392098,2024,5,32.04
1392098,2024,6,28.24
1392098,2024,7,16.78
1392098,2024,8,20.61
1392098,2024,9,27.31
6640575,2024,1,24.43
6640575,2024,2,19.64
6640575,2024,3,33.03
6640575,2024,4,29.3
6640575,2024,5,28.36
6640575,2024,6,33.32
6640575,2024,7,27.14
6640575,2024,8,25.08
6640575,2024,9,14.09
5875949,2024,1,16.52
5875949,2024,2,33.72
5875949,2024,3,17.47
5875949,2024,4,35.07
5875949,2024,5,26.46
5875949,2024,6,28.81
5875949,2024,7,36.84
5875949,2024,8,19.99
5875949,2024,9,23.43
9332193,2024,1,36.01
9332193,2024,2,27.21
9332193,2024,3,13.96
9332193,2024,4,17.88
9332193,2024,5,16.4
9332193,2024,6,29.24
9332193,2024,7,31.34
9332193,2024,8,34.0
9332193,2024,9,28.19
4111730,2024,1,18.71
4111730,2024,2,27.92
4111730,2024,3,23.56
4111730,2024,4,26.58
4111730,2024,5,21.04
4111730,2024,6,38.28
4111730,2024,7,33.23
4111730,2024,8,30.59
4111730,2024,9,36.08
3057315,2024,1,21.24
3057315,2024,2,19.11
3057315,2024,3,22.76
3057315,2024,4,33.5
3057315,2024,5,32.77
3057315,2024,6,35.92
3057315,2024,7,24.09
3057315,2024,8,36.35
3057315,2024,9,28.42
1448075,2024,1,26.48
1448075,2024,2,27.37
1448075,2024,3,21.37
1448075,2024,4,21.92
1448075,2024,5,22.81
1448075,2024,6,31.31
1448075,2024,7,14.42
1448075,2024,8,21.01
1448075,2024,9,21.08
8872179,2024,1,38.25
8872179,2024,2,19.06
8872179,2024,3,20.97
8872179,2024,4,33.66
8872179,2024,5,35.36
8872179,2024,6,21.54
8872179,2024,7,33.52
8872179,2024,8,37.92
8872179,2024,9,18.07
7171809,2024,1,33.02
7171809,2024,2,18.2
7171809,2024,3,36.47
7171809,2024,4,25.44
7171809,2024,5,29.16
7171809,2024,6,27.14
7171809,2024,7,18.93
7171809,2024,8,25.09
7171809,2024,9,25.97
9012705,2024,1,29.4
9012705,2024,2,35.33
9012705,2024,3,22.87
9012705,2024,4,17.46
9012705,2024,5,14.08
9012705,2024,6,35.71
9012705,2024,7,33.84
9012705,2024,8,16.61
9012705,2024,9,28.64
6403565,2024,1,31.24
6403565,2024,2,19.16
6403565,2024,3,26.28
6403565,2024,4,31.32
6403565,2024,5,18.27
6403565,2024,6,19.44
6403565,2024,7,35.15
6403565,2024,8,32.35
6403565,2024,9,21.23
1679146,2024,1,25.12
1679146,2024,2,20.3
1679146,2024,3,37.73
1679146,2024,4,16.17
1679146,2024,5,35.27
1679146,2024,6,20.86
1679146,2024,7,26.41
1679146,2024,8,19.6
1679146,2024,9,29.2
8236673,2024,1,36.45
8236673,2024,2,30.14
8236673,2024,3,38.31
8236673,2024,4,21.63
8236673,2024,5,33.11
8236673,2024,6,26.08
8236673,2024,7,20.36
8236673,2024,8,25.46
8236673,2024,9,19.59
2532771,2024,1,24.43
2532771,2024,2,27.94
2532771,2024,3,33.08
2532771,2024,4,32.25
2532771,2024,5,37.98
2532771,2024,6,34.76
2532771,2024,7,29.22
2532771,2024,8,26.29
2532771,2024,9,28.85
3309664,2024,1,30.68
3309664,2024,2,20.56
3309664,2024,3,22.22
3309664,2024,4,17.14
3309664,2024,5,27.25
3309664,2024,6,25.64
3309664,2024,7,21.93
3309664,2024,8,14.71
3309664,2024,9,14.31
2225506,2024,1,21.9
2225506,2024,2,31.64
2225506,2024,3,22.48
2225506,2024,4,28.91
2225506,2024,5,28.72
2225506,2024,6,15.18
2225506,2024,7,35.16
2225506,2024,8,26.02
2225506,2024,9,18.19
5843088,2024,1,22.58
5843088,2024,2,31.2
5843088,2024,3,31.98
5843088,2024,4,22.34
5843088,2024,5,19.36
5843088,2024,6,23.64
5843088,2024,7,16.13
5843088,2024,8,17.71
5843088,2024,9,35.6
6177131,2024,1,28.31
6177131,2024,2,15.05
6177131,2024,3,37.9
6177131,2024,4,19.18
6177131,2024,5,29.89
6177131,2024,6,33.14
6177131,2024,7,21.12
6177131,2024,8,23.56
6177131,2024,9,33.81
3120385,2024,1,38.21
3120385,2024,2,24.18
3120385,2024,3,32.6
3120385,2024,4,29.02
3120385,2024,5,34.18
3120385,2024,6,18.23
3120385,2024,7,18.49
3120385,2024,8,17.61
3120385,2024,9,20.74
9203698,2024,1,29.88
9203698,2024,2,26.34
9203698,2024,3,28.89
9203698,2024,4,18.37
9203698,2024,5,17.24
9203698,2024,6,28.4
9203698,2024,7,36.71
9203698,2024,8,34.31
9203698,2024,9,18.11
5001576,2024,1,18.38
5001576,2024,2,26.94
5001576,2024,3,34.8
5001576,2024,4,17.61
5001576,2024,5,20.18
5001576,2024,6,22.99
5001576,2024,7,18.22
5001576,2024,8,31.87
5001576,2024,9,31.41
2575384,2024,1,21.02
2575384,2024,2,23.0
2575384,2024,3,22.15
2575384,2024,4,31.35
2575384,2024,5,20.39
2575384,2024,6,14.44
2575384,2024,7,35.13
2575384,2024,8,23.09
2575384,2024,9,31.84
8962917,2024,1,34.36
8962917,2024,2,30.27
8962917,2024,3,37.25
8962917,2024,4,25.33
8962917,2024,5,28.52
8962917,2024,6,22.96
8962917,2024,7,25.23
8962917,2024,8,37.65
8962917,2024,9,24.84
3824175,2024,1,24.99
3824175,2024,2,21.97
3824175,2024,3,15.29
3824175,2024,4,23.2
3824175,2024,5,27.58
3824175,2024,6,26.92
3824175,2024,7,35.7
3824175,2024,8,35.13
3824175,2024,9,38.49
3629783,2024,1,27.51
3629783,2024,2,15.5
3629783,2024,3,36.97
3629783,2024,4,33.45
3629783,2024,5,28.06
3629783,2024,6,24.88
3629783,2024,7,34.64
3629783,2024,8,23.8
3629783,2024,9,30.94
7741703,2024,1,24.44
7741703,2024,2,17.36
7741703,2024,3,20.02
7741703,2024,4,36.25
7741703,2024,5,34.51
7741703,2024,6,24.46
7741703,2024,7,17.85
7741703,2024,8,32.4
7741703,2024,9,17.46
8843101,2024,1,34.83
8843101,2024,2,29.44
8843101,2024,3,23.83
8843101,2024,4,35.16
8843101,2024,5,29.57
8843101,2024,6,24.1
8843101,2024,7,16.02
8843101,2024,8,15.48
8843101,2024,9,29.27
7347220,2024,1,29.49
7347220,2024,2,21.32
7347220,2024,3,33.39
7347220,2024,4,34.97
7347220,2024,5,35.75
7347220,2024,6,27.01
7347220,2024,7,23.13
7347220,2024,8,31.04
7347220,2024,9,22.75
1887036,2024,1,19.45
1887036,2024,2,18.36
1887036,2024,3,30.03
1887036,2024,4,21.15
1887036,2024,5,26.48
1887036,2024,6,30.06
1887036,2024,7,20.79
1887036,2024,8,17.91
1887036,2024,9,36.29
9088325,2024,1,35.68
9088325,2024,2,30.67
9088325,2024,3,22.92
9088325,2024,4,17.85
9088325,2024,5,34.04
9088325,2024,6,35.78
9088325,2024,7,23.1
9088325,2024,8,24.3
9088325,2024,9,19.66
1191956,2024,1,36.21
1191956,2024,2,35.75
1191956,2024,3,21.43
1191956,2024,4,18.17
1191956,2024,5,33.78
1191956,2024,6,27.09
1191956,2024,7,30.44
1191956,2024,8,32.64
1191956,2024,9,23.01
1244988,2024,1,31.05
1244988,2024,2,36.99
1244988,2024,3,18.35
1244988,2024,4,15.15
1244988,2024,5,25.51
1244988,2024,6,19.28
1244988,2024,7,22.79
1244988,2024,8,23.31
1244988,2024,9,36.59
2201199,2024,1,30.94
2201199,2024,2,22.41
2201199,2024,3,28.07
2201199,2024,4,27.95
2201199,2024,5,24.57
2201199,2024,6,30.37
2201199,2024,7,16.2
2201199,2024,8,19.48
2201199,2024,9,21.15
1680616,2024,1,14.41
1680616,2024,2,36.29
1680616,2024,3,29.2
1680616,2024,4,30.61
1680616,2024,5,15.14
1680616,2024,6,34.75
1680616,2024,7,28.99
1680616,2024,8,34.89
1680616,2024,9,37.57
2999155,2024,1,24.63
2999155,2024,2,38.12
2999155,2024,3,13.97
2999155,2024,4,17.18
2999155,2024,5,19.58
2999155,2024,6,36.35
2999155,2024,7,30.03
2999155,2024,8,21.27
2999155,2024,9,14.73
9855624,2024,1,35.67
9855624,2024,2,33.43
9855624,2024,3,33.66
9855624,2024,4,18.9
9855624,2024,5,23.1
9855624,2024,6,31.28
9855624,2024,7,15.03
9855624,2024,8,31.91
9855624,2024,9,37.98
8638820,2024,1,22.73
8638820,2024,2,34.17
8638820,2024,3,23.54
8638820,2024,4,31.16
8638820,2024,5,35.59
8638820,2024,6,34.16
8638820,2024,7,16.03
8638820,2024,8,19.98
8638820,2024,9,26.27
5472171,2024,1,33.06
5472171,2024,2,17.95
5472171,2024,3,34.42
5472171,2024,4,35.33
5472171,2024,5,32.22
5472171,2024,6,25.63
5472171,2024,7,23.88
5472171,2024,8,24.87
5472171,2024,9,28.4
6942889,2024,1,22.64
6942889,2024,2,20.75
6942889,2024,3,17.16
6942889,2024,4,30.88
6942889,2024,5,18.1
6942889,2024,6,19.62
6942889,2024,7,28.07
6942889,2024,8,28.75
6942889,2024,9,30.71
6526190,2024,1,24.31
6526190,2024,2,33.26
6526190,2024,3,27.06
6526190,2024,4,31.25
6526190,2024,5,36.39
6526190,2024,6,15.1
6526190,2024,7,20.97
6526190,2024,8,14.14
6526190,2024,9,14.59
2431238,2024,1,20.25
2431238,2024,2,34.99
2431238,2024,3,19.18
2431238,2024,4,21.98
2431238,2024,5,37.57
2431238,2024,6,19.56
2431238,2024,7,28.19
2431238,2024,8,25.6
2431238,2024,9,27.58
1269057,2024,1,25.28
1269057,2024,2,35.97
1269057,2024,3,29.46
1269057,2024,4,29.99
1269057,2024,5,33.86
1269057,2024,6,27.06
1269057,2024,7,32.57
1269057,2024,8,31.77
1269057,2024,9,21.75
1547128,2024,1,32.16
1547128,2024,2,29.45
1547128,2024,3,24.1
1547128,2024,4,13.82
1547128,2024,5,27.84
1547128,2024,6,20.82
1547128,2024,7,34.55
1547128,2024,8,15.94
1547128,2024,9,26.96
1416551,2024,1,35.41
1416551,2024,2,34.34
1416551,2024,3,18.11
1416551,2024,4,16.49
1416551,2024,5,24.66
1416551,2024,6,29.05
1416551,2024,7,34.16
1416551,2024,8,17.49
1416551,2024,9,32.66
2514357,2024,1,19.8
2514357,2024,2,29.57
2514357,2024,3,18.73
2514357,2024,4,37.14
2514357,2024,5,20.9
2514357,2024,6,22.75
2514357,2024,7,19.36
2514357,2024,8,27.24
2514357,2024,9,27.89
5873022,2024,1,18.5
5873022,2024,2,18.35
5873022,2024,3,29.93
5873022,2024,4,13.95
5873022,2024,5,36.03
5873022,2024,6,16.72
5873022,2024,7,35.89
5873022,2024,8,25.38
5873022,2024,9,17.82
9929081,2024,1,15.76
9929081,2024,2,29.14
9929081,2024,3,29.19
9929081,2024,4,34.36
9929081,2024,5,27.79
9929081,2024,6,20.44
9929081,2024,7,31.04
9929081,2024,8,14.86
9929081,2024,9,35.4
