ci,anio,mes,monto
1234567,2025,1,32.97
1234567,2025,2,14.13
1234567,2025,3,34.04
1234567,2025,4,30.54
1234567,2025,5,33.78
1234567,2025,6,29.08
1234567,2025,7,25.79
1234567,2025,8,34.81
1234567,2025,9,28.07
2385362,2025,1,29.26
2385362,2025,2,31.58
2385362,2025,3,33.4
2385362,2025,4,27.13
2385362,2025,5,14.19
2385362,2025,6,31.68
2385362,2025,7,34.33
2385362,2025,8,34.48
2385362,2025,9,21.05
3350699,2025,1,32.3
3350699,2025,2,14.44
3350699,2025,3,31.35
3350699,2025,4,23.93
3350699,2025,5,34.7
3350699,2025,6,24.87
3350699,2025,7,18.71
3350699,2025,8,14.08
3350699,2025,9,12.96
9913051,2025,1,15.95
9913051,2025,2,27.82
9913051,2025,3,25.78
9913051,2025,4,32.04
9913051,2025,5,28.61
9913051,2025,6,15.02
9913051,2025,7,31.55
9913051,2025,8,20.23
9913051,2025,9,28.4
2364790,2025,1,13.97
2364790,2025,2,24.13
2364790,2025,3,15.22
2364790,2025,4,16.84
2364790,2025,5,19.48
2364790,2025,6,21.85
2364790,2025,7,25.96
2364790,2025,8,27.76
2364790,2025,9,28.05
2673102,2025,1,25.3
2673102,2025,2,30.87
2673102,2025,3,15.94
2673102,2025,4,15.96
2673102,2025,5,22.17
2673102,2025,6,17.8
2673102,2025,7,22.14
2673102,2025,8,28.32
2673102,2025,9,27.4
5813379,2025,1,24.2
5813379,2025,2,28.9
5813379,2025,3,32.84
5813379,2025,4,31.22
5813379,2025,5,27.67
5813379,2025,6,33.78
5813379,2025,7,33.61
5813379,2025,8,23.0
5813379,2025,9,28.92
6987301,2025,1,25.83
6987301,2025,2,31.22
6987301,2025,3,13.28
6987301,2025,4,20.56
6987301,2025,5,16.0
6987301,2025,6,34.68
6987301,2025,7,32.29
6987301,2025,8,28.68
6987301,2025,9,29.11
7018602,2025,1,17.74
7018602,2025,2,13.96
7018602,2025,3,15.66
7018602,2025,4,12.7
7018602,2025,5,29.1
7018602,2025,6,13.69
7018602,2025,7,26.61
7018602,2025,8,20.58
7018602,2025,9,16.42
8417407,2025,1,20.0
8417407,2025,2,19.25
8417407,2025,3,22.17
8417407,2025,4,14.97
8417407,2025,5,31.0
8417407,2025,6,29.66
8417407,2025,7,34.69
8417407,2025,8,29.07
8417407,2025,9,29.78
6701119,2025,1,26.49
6701119,2025,2,20.03
6701119,2025,3,27.69
6701119,2025,4,20.02
6701119,2025,5,20.11
6701119,2025,6,13.47
6701119,2025,7,14.34
6701119,2025,8,22.81
6701119,2025,9,34.96
2390348,2025,1,15.08
2390348,2025,2,28.03
2390348,2025,3,23.99
2390348,2025,4,19.47
2390348,2025,5,16.18
2390348,2025,6,19.76
2390348,2025,7,21.39
2390348,2025,8,29.12
2390348,2025,9,27.56
9686925,2025,1,14.29
9686925,2025,2,29.33
9686925,2025,3,21.47
9686925,2025,4,33.95
9686925,2025,5,25.32
9686925,2025,6,29.87
9686925,2025,7,29.6
9686925,2025,8,33.12
9686925,2025,9,34.95
5485899,2025,1,28.9
5485899,2025,2,13.16
5485899,2025,3,30.78
5485899,2025,4,15.38
5485899,2025,5,30.12
5485899,2025,6,17.48
5485899,2025,7,34.16
5485899,2025,8,29.51
5485899,2025,9,32.6
4039904,2025,1,23.29
4039904,2025,2,30.97
4039904,2025,3,18.64
4039904,2025,4,13.4
4039904,2025,5,23.0
4039904,2025,6,22.11
4039904,2025,7,16.36
4039904,2025,8,32.25
4039904,2025,9,13.25
4782522,2025,1,24.85
4782522,2025,2,15.19
4782522,2025,3,27.57
4782522,2025,4,17.4
4782522,2025,5,34.17
4782522,2025,6,16.64
4782522,2025,7,32.28
4782522,2025,8,30.55
4782522,2025,9,30.89
9428299,2025,1,18.14
9428299,2025,2,12.55
9428299,2025,3,28.69
9428299,2025,4,34.92
9428299,2025,5,29.43
9428299,2025,6,27.34
9428299,2025,7,24.91
9428299,2025,8,27.19
9428299,2025,9,25.03
5257668,2025,1,18.27
5257668,2025,2,18.22
5257668,2025,3,19.28
5257668,2025,4,32.12
5257668,2025,5,20.43
5257668,2025,6,24.69
5257668,2025,7,14.14
5257668,2025,8,19.12
5257668,2025,9,22.13
4516211,2025,1,31.91
4516211,2025,2,19.45
4516211,2025,3,19.26
4516211,2025,4,14.66
4516211,2025,5,24.77
4516211,2025,6,31.4
4516211,2025,7,18.34
4516211,2025,8,28.59
4516211,2025,9,33.32
4466761,2025,1,30.85
4466761,2025,2,33.95
4466761,2025,3,34.04
4466761,2025,4,15.8
4466761,2025,5,25.85
4466761,2025,6,23.45
4466761,2025,7,25.21
4466761,2025,8,25.3
4466761,2025,9,25.83
8278775,2025,1,25.9
8278775,2025,2,20.02
8278775,2025,3,22.05
8278775,2025,4,32.31
8278775,2025,5,32.58
8278775,2025,6,25.67
8278775,2025,7,33.85
8278775,2025,8,28.47
8278775,2025,9,18.89
7618424,2025,1,15.08
7618424,2025,2,13.92
7618424,2025,3,34.45
7618424,2025,4,33.25
7618424,2025,5,13.71
7618424,2025,6,23.98
7618424,2025,7,31.56
7618424,2025,8,29.92
7618424,2025,9,18.72
6777526,2025,1,22.11
6777526,2025,2,19.46
6777526,2025,3,25.71
6777526,2025,4,22.03
6777526,2025,5,22.79
6777526,2025,6,17.37
6777526,2025,7,19.37
6777526,2025,8,17.17
6777526,2025,9,25.25
3017303,2025,1,18.65
3017303,2025,2,15.1
3017303,2025,3,20.47
3017303,2025,4,29.48
3017303,2025,5,14.12
3017303,2025,6,30.83
3017303,2025,7,34.18
3017303,2025,8,21.49
3017303,2025,9,15.5
5205747,2025,1,14.05
5205747,2025,2,32.08
5205747,2025,3,27.06
5205747,2025,4,32.91
5205747,2025,5,32.26
5205747,2025,6,33.19
5205747,2025,7,29.44
5205747,2025,8,20.44
5205747,2025,9,29.22
7772303,2025,1,20.73
7772303,2025,2,13.16
7772303,2025,3,20.56
7772303,2025,4,30.53
7772303,2025,5,16.69
7772303,2025,6,14.1
7772303,2025,7,18.94
7772303,2025,8,23.03
7772303,2025,9,19.89
1346405,2025,1,31.24
1346405,2025,2,29.6
1346405,2025,3,33.69
1346405,2025,4,13.21
1346405,2025,5,23.61
1346405,2025,6,20.81
1346405,2025,7,19.97
1346405,2025,8,18.77
1346405,2025,9,22.16
3351505,2025,1,33.99
3351505,2025,2,20.9
3351505,2025,3,32.7
3351505,2025,4,28.1
3351505,2025,5,22.79
3351505,2025,6,21.47
3351505,2025,7,31.41
3351505,2025,8,13.62
3351505,2025,9,27.11
3297330,2025,1,31.15
3297330,2025,2,14.99
3297330,2025,3,24.23
3297330,2025,4,19.96
3297330,2025,5,21.43
3297330,2025,6,23.52
3297330,2025,7,32.43
3297330,2025,8,26.69
3297330,2025,9,29.73
1039476,2025,1,16.34
1039476,2025,2,15.89
1039476,2025,3,18.1
1039476,2025,4,32.22
1039476,2025,5,16.63
1039476,2025,6,21.86
1039476,2025,7,19.1
1039476,2025,8,13.53
1039476,2025,9,21.56
6220287,2025,1,25.96
6220287,2025,2,30.13
6220287,2025,3,20.38
6220287,2025,4,26.78
6220287,2025,5,14.13
6220287,2025,6,17.08
6220287,2025,7,28.41
6220287,2025,8,20.34
6220287,2025,9,23.05
5039981,2025,1,28.03
5039981,2025,2,34.86
5039981,2025,3,34.28
5039981,2025,4,21.58
5039981,2025,5,28.93
5039981,2025,6,33.74
5039981,2025,7,24.05
5039981,2025,8,30.22
5039981,2025,9,34.92
5157530,2025,1,25.74
5157530,2025,2,31.54
5157530,2025,3,16.03
5157530,2025,4,19.66
5157530,2025,5,23.52
5157530,2025,6,23.46
5157530,2025,7,21.61
5157530,2025,8,29.33
5157530,2025,9,20.35
2063437,2025,1,20.72
2063437,2025,2,17.36
2063437,2025,3,33.08
2063437,2025,4,13.9
2063437,2025,5,31.03
2063437,2025,6,16.04
2063437,2025,7,32.98
2063437,2025,8,27.5
2063437,2025,9,22.9
2130305,2025,1,24.35
2130305,2025,2,15.23
2130305,2025,3,31.76
2130305,2025,4,26.31
2130305,2025,5,16.45
2130305,2025,6,16.74
2130305,2025,7,23.35
2130305,2025,8,26.32
2130305,2025,9,13.72
2775421,2025,1,13.27
2775421,2025,2,14.84
2775421,2025,3,34.74
2775421,2025,4,23.43
2775421,2025,5,19.14
2775421,2025,6,27.99
2775421,2025,7,19.24
2775421,2025,8,20.8
2775421,2025,9,23.99
4003523,2025,1,18.6
4003523,2025,2,32.61
4003523,2025,3,12.7
4003523,2025,4,28.31
4003523,2025,5,29.34
4003523,2025,6,17.82
4003523,2025,7,22.87
4003523,2025,8,34.67
4003523,2025,9,20.43
9414335,2025,1,16.23
9414335,2025,2,20.33
9414335,2025,3,26.6
9414335,2025,4,25.4
9414335,2025,5,21.86
9414335,2025,6,18.59
9414335,2025,7,14.73
9414335,2025,8,22.35
9414335,2025,9,17.59
6075331,2025,1,18.24
6075331,2025,2,21.96
6075331,2025,3,27.84
6075331,2025,4,14.21
6075331,2025,5,26.73
6075331,2025,6,30.46
6075331,2025,7,32.15
6075331,2025,8,28.52
6075331,2025,9,34.44
3316392,2025,1,16.44
3316392,2025,2,17.46
3316392,2025,3,26.52
3316392,2025,4,22.83
3316392,2025,5,28.73
3316392,2025,6,32.65
3316392,2025,7,18.97
3316392,2025,8,33.95
3316392,2025,9,33.47
9468212,2025,1,22.14
9468212,2025,2,27.1
9468212,2025,3,20.44
9468212,2025,4,29.76
9468212,2025,5,16.35
9468212,2025,6,17.88
9468212,2025,7,31.46
9468212,2025,8,20.93
9468212,2025,9,32.77
7809753,2025,1,33.79
7809753,2025,2,29.38
7809753,2025,3,12.72
7809753,2025,4,34.06
7809753,2025,5,16.78
7809753,2025,6,24.96
7809753,2025,7,25.32
7809753,2025,8,22.55
7809753,2025,9,30.7
1160825,2025,1,30.08
1160825,2025,2,29.38
1160825,2025,3,25.31
1160825,2025,4,29.94
1160825,2025,5,25.19
1160825,2025,6,34.48
1160825,2025,7,23.11
1160825,2025,8,14.17
1160825,2025,9,19.18
8953427,2025,1,27.8
8953427,2025,2,30.62
8953427,2025,3,34.23
8953427,2025,4,18.32
8953427,2025,5,31.8
8953427,2025,6,17.15
8953427,2025,7,14.32
8953427,2025,8,26.21
8953427,2025,9,33.73
3958563,2025,1,17.2
3958563,2025,2,34.4
3958563,2025,3,29.96
3958563,2025,4,31.93
3958563,2025,5,23.61
3958563,2025,6,13.82
3958563,2025,7,16.0
3958563,2025,8,25.38
3958563,2025,9,30.22
8539869,2025,1,31.83
8539869,2025,2,33.51
8539869,2025,3,28.53
8539869,2025,4,34.61
8539869,2025,5,23.71
8539869,2025,6,34.61
8539869,2025,7,31.02
8539869,2025,8,12.56
8539869,2025,9,13.59
9099889,2025,1,18.12
9099889,2025,2,32.46
9099889,2025,3,18.21
9099889,2025,4,21.55
9099889,2025,5,30.57
9099889,2025,6,20.18
9099889,2025,7,28.21
9099889,2025,8,33.73
9099889,2025,9,26.61
8216632,2025,1,20.42
8216632,2025,2,22.63
8216632,2025,3,31.35
8216632,2025,4,16.14
8216632,2025,5,22.66
8216632,2025,6,30.41
8216632,2025,7,24.3
8216632,2025,8,34.61
8216632,2025,9,28.97
9970943,2025,1,21.07
9970943,2025,2,19.68
9970943,2025,3,16.97
9970943,2025,4,30.25
9970943,2025,5,15.9
9970943,2025,6,22.22
9970943,2025,7,27.12
9970943,2025,8,31.72
9970943,2025,9,15.93
2110555,2025,1,32.71
2110555,2025,2,16.76
2110555,2025,3,34.41
2110555,2025,4,27.93
2110555,2025,5,16.1
2110555,2025,6,18.9
2110555,2025,7,31.14
2110555,2025,8,21.63
2110555,2025,9,19.5
5667828,2025,1,16.6
5667828,2025,2,12.55
5667828,2025,3,23.39
5667828,2025,4,19.62
5667828,2025,5,15.62
5667828,2025,6,14.83
5667828,2025,7,18.1
5667828,2025,8,14.47
5667828,2025,9,28.87
3083045,2025,1,27.07
3083045,2025,2,28.11
3083045,2025,3,26.22
3083045,2025,4,28.53
3083045,2025,5,17.32
3083045,2025,6,30.25
3083045,2025,7,16.62
3083045,2025,8,15.0
3083045,2025,9,15.89
7468791,2025,1,19.49
7468791,2025,2,19.49
7468791,2025,3,18.58
7468791,2025,4,34.99
7468791,2025,5,23.56
7468791,2025,6,22.74
7468791,2025,7,33.65
7468791,2025,8,30.37
7468791,2025,9,23.61
6396625,2025,1,17.36
6396625,2025,2,26.8
6396625,2025,3,32.67
6396625,2025,4,26.23
6396625,2025,5,22.09
6396625,2025,6,24.09
6396625,2025,7,26.23
6396625,2025,8,18.87
6396625,2025,9,23.32
6498633,2025,1,24.2
6498633,2025,2,16.99
6498633,2025,3,21.01
6498633,2025,4,20.45
6498633,2025,5,20.82
6498633,2025,6,21.92
6498633,2025,7,26.92
6498633,2025,8,17.12
6498633,2025,9,15.47
1392098,2025,1,27.96
1392098,2025,2,15.15
1392098,2025,3,12.82
1392098,2025,4,31.56
1392098,2025,5,29.13
1392098,2025,6,25.67
1392098,2025,7,15.25
1392098,2025,8,18.74
1392098,2025,9,24.83
6640575,2025,1,22.21
6640575,2025,2,17.85
6640575,2025,3,30.03
6640575,2025,4,26.64
6640575,2025,5,25.78
6640575,2025,6,30.29
6640575,2025,7,24.67
6640575,2025,8,22.8
6640575,2025,9,12.81
5875949,2025,1,15.02
5875949,2025,2,30.65
5875949,2025,3,15.88
5875949,2025,4,31.88
5875949,2025,5,24.05
5875949,2025,6,26.19
5875949,2025,7,33.49
5875949,2025,8,18.17
5875949,2025,9,21.3
9332193,2025,1,32.74
9332193,2025,2,24.74
9332193,2025,3,12.69
9332193,2025,4,16.25
9332193,2025,5,14.91
9332193,2025,6,26.58
9332193,2025,7,28.49
9332193,2025,8,30.91
9332193,2025,9,25.63
4111730,2025,1,17.01
4111730,2025,2,25.38
4111730,2025,3,21.42
4111730,2025,4,24.16
4111730,2025,5,19.13
4111730,2025,6,34.8
4111730,2025,7,30.21
4111730,2025,8,27.81
4111730,2025,9,32.8
3057315,2025,1,19.31
3057315,2025,2,17.37
3057315,2025,3,20.69
3057315,2025,4,30.45
3057315,2025,5,29.79
3057315,2025,6,32.65
3057315,2025,7,21.9
3057315,2025,8,33.05
3057315,2025,9,25.84
1448075,2025,1,24.07
1448075,2025,2,24.88
1448075,2025,3,19.43
1448075,2025,4,19.93
1448075,2025,5,20.74
1448075,2025,6,28.46
1448075,2025,7,13.11
1448075,2025,8,19.1
1448075,2025,9,19.16
8872179,2025,1,34.77
8872179,2025,2,17.33
8872179,2025,3,19.06
8872179,2025,4,30.6
8872179,2025,5,32.15
8872179,2025,6,19.58
8872179,2025,7,30.47
8872179,2025,8,34.47
8872179,2025,9,16.43
7171809,2025,1,30.02
7171809,2025,2,16.55
7171809,2025,3,33.15
7171809,2025,4,23.13
7171809,2025,5,26.51
7171809,2025,6,24.67
7171809,2025,7,17.21
7171809,2025,8,22.81
7171809,2025,9,23.61
9012705,2025,1,26.73
9012705,2025,2,32.12
9012705,2025,3,20.79
9012705,2025,4,15.87
9012705,2025,5,12.8
9012705,2025,6,32.46
9012705,2025,7,30.76
9012705,2025,8,15.1
9012705,2025,9,26.04
6403565,2025,1,28.4
6403565,2025,2,17.42
6403565,2025,3,23.89
6403565,2025,4,28.47
6403565,2025,5,16.61
6403565,2025,6,17.67
6403565,2025,7,31.95
6403565,2025,8,29.41
6403565,2025,9,19.3
1679146,2025,1,22.84
1679146,2025,2,18.45
1679146,2025,3,34.3
1679146,2025,4,14.7
1679146,2025,5,32.06
1679146,2025,6,18.96
1679146,2025,7,24.01
1679146,2025,8,17.82
1679146,2025,9,26.55
8236673,2025,1,33.14
8236673,2025,2,27.4
8236673,2025,3,34.83
8236673,2025,4,19.66
8236673,2025,5,30.1
8236673,2025,6,23.71
8236673,2025,7,18.51
8236673,2025,8,23.15
8236673,2025,9,17.81
2532771,2025,1,22.21
2532771,2025,2,25.4
2532771,2025,3,30.07
2532771,2025,4,29.32
2532771,2025,5,34.53
2532771,2025,6,31.6
2532771,2025,7,26.56
2532771,2025,8,23.9
2532771,2025,9,26.23
3309664,2025,1,27.89
3309664,2025,2,18.69
3309664,2025,3,20.2
3309664,2025,4,15.58
3309664,2025,5,24.77
3309664,2025,6,23.31
3309664,2025,7,19.94
3309664,2025,8,13.37
3309664,2025,9,13.01
2225506,2025,1,19.91
2225506,2025,2,28.76
2225506,2025,3,20.44
2225506,2025,4,26.28
2225506,2025,5,26.11
2225506,2025,6,13.8
2225506,2025,7,31.96
2225506,2025,8,23.65
2225506,2025,9,16.54
5843088,2025,1,20.53
5843088,2025,2,28.36
5843088,2025,3,29.07
5843088,2025,4,20.31
5843088,2025,5,17.6
5843088,2025,6,21.49
5843088,2025,7,14.66
5843088,2025,8,16.1
5843088,2025,9,32.36
6177131,2025,1,25.74
6177131,2025,2,13.68
6177131,2025,3,34.45
6177131,2025,4,17.44
6177131,2025,5,27.17
6177131,2025,6,30.13
6177131,2025,7,19.2
6177131,2025,8,21.42
6177131,2025,9,30.74
3120385,2025,1,34.74
3120385,2025,2,21.98
3120385,2025,3,29.64
3120385,2025,4,26.38
3120385,2025,5,31.07
3120385,2025,6,16.57
3120385,2025,7,16.81
3120385,2025,8,16.01
3120385,2025,9,18.85
9203698,2025,1,27.16
9203698,2025,2,23.95
9203698,2025,3,26.26
9203698,2025,4,16.7
9203698,2025,5,15.67
9203698,2025,6,25.82
9203698,2025,7,33.37
9203698,2025,8,31.19
9203698,2025,9,16.46
5001576,2025,1,16.71
5001576,2025,2,24.49
5001576,2025,3,31.64
5001576,2025,4,16.01
5001576,2025,5,18.35
5001576,2025,6,20.9
5001576,2025,7,16.56
5001576,2025,8,28.97
5001576,2025,9,28.55
2575384,2025,1,19.11
2575384,2025,2,20.91
2575384,2025,3,20.14
2575384,2025,4,28.5
2575384,2025,5,18.54
2575384,2025,6,13.13
2575384,2025,7,31.94
2575384,2025,8,20.99
2575384,2025,9,28.95
8962917,2025,1,31.24
8962917,2025,2,27.52
8962917,2025,3,33.86
8962917,2025,4,23.03
8962917,2025,5,25.93
8962917,2025,6,20.87
8962917,2025,7,22.94
8962917,2025,8,34.23
8962917,2025,9,22.58
3824175,2025,1,22.72
3824175,2025,2,19.97
3824175,2025,3,13.9
3824175,2025,4,21.09
3824175,2025,5,25.07
3824175,2025,6,24.47
3824175,2025,7,32.45
3824175,2025,8,31.94
3824175,2025,9,34.99
3629783,2025,1,25.01
3629783,2025,2,14.09
3629783,2025,3,33.61
3629783,2025,4,30.41
3629783,2025,5,25.51
3629783,2025,6,22.62
3629783,2025,7,31.49
3629783,2025,8,21.64
3629783,2025,9,28.13
7741703,2025,1,22.22
7741703,2025,2,15.78
7741703,2025,3,18.2
7741703,2025,4,32.95
7741703,2025,5,31.37
7741703,2025,6,22.24
7741703,2025,7,16.23
7741703,2025,8,29.45
7741703,2025,9,15.87
8843101,2025,1,31.66
8843101,2025,2,26.76
8843101,2025,3,21.66
8843101,2025,4,31.96
8843101,2025,5,26.88
8843101,2025,6,21.91
8843101,2025,7,14.56
8843101,2025,8,14.07
8843101,2025,9,26.61
7347220,2025,1,26.81
7347220,2025,2,19.38
7347220,2025,3,30.35
7347220,2025,4,31.79
7347220,2025,5,32.5
7347220,2025,6,24.55
7347220,2025,7,21.03
7347220,2025,8,28.22
7347220,2025,9,20.68
1887036,2025,1,17.68
1887036,2025,2,16.69
1887036,2025,3,27.3
1887036,2025,4,19.23
1887036,2025,5,24.07
1887036,2025,6,27.33
1887036,2025,7,18.9
1887036,2025,8,16.28
1887036,2025,9,32.99
9088325,2025,1,32.44
9088325,2025,2,27.88
9088325,2025,3,20.84
9088325,2025,4,16.23
9088325,2025,5,30.95
9088325,2025,6,32.53
9088325,2025,7,21.0
9088325,2025,8,22.09
9088325,2025,9,17.87
1191956,2025,1,32.92
1191956,2025,2,32.5
1191956,2025,3,19.48
1191956,2025,4,16.52
1191956,2025,5,30.71
1191956,2025,6,24.63
1191956,2025,7,27.67
1191956,2025,8,29.67
1191956,2025,9,20.92
1244988,2025,1,28.23
1244988,2025,2,33.63
1244988,2025,3,16.68
1244988,2025,4,13.77
1244988,2025,5,23.19
1244988,2025,6,17.53
1244988,2025,7,20.72
1244988,2025,8,21.19
1244988,2025,9,33.26
2201199,2025,1,28.13
2201199,2025,2,20.37
2201199,2025,3,25.52
2201199,2025,4,25.41
2201199,2025,5,22.34
2201199,2025,6,27.61
2201199,2025,7,14.73
2201199,2025,8,17.71
2201199,2025,9,19.23
1680616,2025,1,13.1
1680616,2025,2,32.99
1680616,2025,3,26.55
1680616,2025,4,27.83
1680616,2025,5,13.76
1680616,2025,6,31.59
1680616,2025,7,26.35
1680616,2025,8,31.72
1680616,2025,9,34.15
2999155,2025,1,22.39
2999155,2025,2,34.65
2999155,2025,3,12.7
2999155,2025,4,15.62
2999155,2025,5,17.8
2999155,2025,6,33.05
2999155,2025,7,27.3
2999155,2025,8,19.34
2999155,2025,9,13.39
9855624,2025,1,32.43
9855624,2025,2,30.39
9855624,2025,3,30.6
9855624,2025,4,17.18
9855624,2025,5,21.0
9855624,2025,6,28.44
9855624,2025,7,13.66
9855624,2025,8,29.01
9855624,2025,9,34.53
8638820,2025,1,20.66
8638820,2025,2,31.06
8638820,2025,3,21.4
8638820,2025,4,28.33
8638820,2025,5,32.35
8638820,2025,6,31.05
8638820,2025,7,14.57
8638820,2025,8,18.16
8638820,2025,9,23.88
5472171,2025,1,30.05
5472171,2025,2,16.32
5472171,2025,3,31.29
5472171,2025,4,32.12
5472171,2025,5,29.29
5472171,2025,6,23.3
5472171,2025,7,21.71
5472171,2025,8,22.61
5472171,2025,9,25.82
6942889,2025,1,20.58
6942889,2025,2,18.86
6942889,2025,3,15.6
6942889,2025,4,28.07
6942889,2025,5,16.45
6942889,2025,6,17.84
6942889,2025,7,25.52
6942889,2025,8,26.14
6942889,2025,9,27.92
6526190,2025,1,22.1
6526190,2025,2,30.24
6526190,2025,3,24.6
6526190,2025,4,28.41
6526190,2025,5,33.08
6526190,2025,6,13.73
6526190,2025,7,19.06
6526190,2025,8,12.85
6526190,2025,9,13.26
2431238,2025,1,18.41
2431238,2025,2,31.81
2431238,2025,3,17.44
2431238,2025,4,19.98
2431238,2025,5,34.15
2431238,2025,6,17.78
2431238,2025,7,25.63
2431238,2025,8,23.27
2431238,2025,9,25.07
1269057,2025,1,22.98
1269057,2025,2,32.7
1269057,2025,3,26.78
1269057,2025,4,27.26
1269057,2025,5,30.78
1269057,2025,6,24.6
1269057,2025,7,29.61
1269057,2025,8,28.88
1269057,2025,9,19.77
1547128,2025,1,29.24
1547128,2025,2,26.77
1547128,2025,3,21.91
1547128,2025,4,12.56
1547128,2025,5,25.31
1547128,2025,6,18.93
1547128,2025,7,31.41
1547128,2025,8,14.49
1547128,2025,9,24.51
1416551,2025,1,32.19
1416551,2025,2,31.22
1416551,2025,3,16.46
1416551,2025,4,14.99
1416551,2025,5,22.42
1416551,2025,6,26.41
1416551,2025,7,31.05
1416551,2025,8,15.9
1416551,2025,9,29.69
2514357,2025,1,18.0
2514357,2025,2,26.88
2514357,2025,3,17.03
2514357,2025,4,33.76
2514357,2025,5,19.0
2514357,2025,6,20.68
2514357,2025,7,17.6
2514357,2025,8,24.76
2514357,2025,9,25.35
5873022,2025,1,16.82
5873022,2025,2,16.68
5873022,2025,3,27.21
5873022,2025,4,12.68
5873022,2025,5,32.75
5873022,2025,6,15.2
5873022,2025,7,32.63
5873022,2025,8,23.07
5873022,2025,9,16.2
9929081,2025,1,14.33
9929081,2025,2,26.49
9929081,2025,3,26.54
9929081,2025,4,31.24
9929081,2025,5,25.26
9929081,2025,6,18.58
9929081,2025,7,28.22
9929081,2025,8,13.51
9929081,2025,9,32.18
